OrderID,ProductID,Quantity,Discount
10248,11,12,0
10248,42,10,0
10248,72,5,0
10249,14,9,0
10249,51,40,0
10250,41,10,0
10250,51,35,0.15
10250,65,15,0.15
10251,22,6,0.05
10251,57,15,0.05
10251,65,20,0
10252,20,40,0.05
10252,33,25,0.05
10252,60,40,0
10253,31,20,0
10253,39,42,0
10253,49,40,0
10254,24,15,0.15
10254,55,21,0.15
10254,74,21,0
10255,2,20,0
10255,16,35,0
10255,36,25,0
10255,59,30,0
10256,53,15,0
10256,77,12,0
10257,27,25,0
10257,39,6,0
10257,77,15,0
10258,2,50,0.2
10258,5,65,0.2
10258,32,6,0.2
10259,21,10,0
10259,37,1,0
10260,41,16,0.25
10260,57,50,0
10260,62,15,0.25
10260,70,21,0.25
10261,21,20,0
10261,35,20,0
10262,5,12,0.2
10262,7,15,0
10262,56,2,0
10263,16,60,0.25
10263,24,28,0
10263,30,60,0.25
10263,74,36,0.25
10264,2,35,0
10264,41,25,0.15
10265,17,30,0
10265,70,20,0
10266,12,12,0.05
10267,40,50,0
10267,59,70,0.15
10267,76,15,0.15
10268,29,10,0
10268,72,4,0
10269,33,60,0.05
10269,72,20,0.05
10270,36,30,0
10270,43,25,0
10271,33,24,0
10272,20,6,0
10272,31,40,0
10272,72,24,0
10273,10,24,0.05
10273,31,15,0.05
10273,33,20,0
10273,40,60,0.05
10273,76,33,0.05
10274,71,20,0
10274,72,7,0
10275,24,12,0.05
10275,59,6,0.05
10276,10,15,0
10276,13,10,0
10277,28,20,0
10277,62,12,0
10278,44,16,0
10278,59,15,0
10278,63,8,0
10278,73,25,0
10279,17,15,0.25
10280,24,12,0
10280,55,20,0
10280,75,30,0
10281,19,1,0
10281,24,6,0
10281,35,4,0
10282,30,6,0
10282,57,2,0
10283,15,20,0
10283,19,18,0
10283,60,35,0
10283,72,3,0
10284,27,15,0.25
10284,44,21,0
10284,60,20,0.25
10284,67,5,0.25
10285,1,45,0.2
10285,40,40,0.2
10285,53,36,0.2
10286,35,100,0
10286,62,40,0
10287,16,40,0.15
10287,34,20,0
10287,46,15,0.15
10288,54,10,0.1
10288,68,3,0.1
10289,3,30,0
10289,64,9,0
10290,5,20,0
10290,29,15,0
10290,49,15,0
10290,77,10,0
10291,13,20,0.1
10291,44,24,0.1
10291,51,2,0.1
10292,20,20,0
10293,18,12,0
10293,24,10,0
10293,63,5,0
10293,75,6,0
10294,1,18,0
10294,17,15,0
10294,43,15,0
10294,60,21,0
10294,75,6,0
10295,56,4,0
10296,11,12,0
10296,16,30,0
10296,69,15,0
10297,39,60,0
10297,72,20,0
10298,2,40,0
10298,36,40,0.25
10298,59,30,0.25
10298,62,15,0
10299,19,15,0
10299,70,20,0
10300,66,30,0
10300,68,20,0
10301,40,10,0
10301,56,20,0
10302,17,40,0
10302,28,28,0
10302,43,12,0
10303,40,40,0.1
10303,65,30,0.1
10303,68,15,0.1
10304,49,30,0
10304,59,10,0
10304,71,2,0
10305,18,25,0.1
10305,29,25,0.1
10305,39,30,0.1
10306,30,10,0
10306,53,10,0
10306,54,5,0
10307,62,10,0
10307,68,3,0
10308,69,1,0
10308,70,5,0
10309,4,20,0
10309,6,30,0
10309,42,2,0
10309,43,20,0
10309,71,3,0
10310,16,10,0
10310,62,5,0
10311,42,6,0
10311,69,7,0
10312,28,4,0
10312,43,24,0
10312,53,20,0
10312,75,10,0
10313,36,12,0
10314,32,40,0.1
10314,58,30,0.1
10314,62,25,0.1
10315,34,14,0
10315,70,30,0
10316,41,10,0
10316,62,70,0
10317,1,20,0
10318,41,20,0
10318,76,6,0
10319,17,8,0
10319,28,14,0
10319,76,30,0
10320,71,30,0
10321,35,10,0
10322,52,20,0
10323,15,5,0
10323,25,4,0
10323,39,4,0
10324,16,21,0.15
10324,35,70,0.15
10324,46,30,0
10324,59,40,0.15
10324,63,80,0.15
10325,6,6,0
10325,13,12,0
10325,14,9,0
10325,31,4,0
10325,72,40,0
10326,4,24,0
10326,57,16,0
10326,75,50,0
10327,2,25,0.2
10327,11,50,0.2
10327,30,35,0.2
10327,58,30,0.2
10328,59,9,0
10328,65,40,0
10328,68,10,0
10329,19,10,0.05
10329,30,8,0.05
10329,38,20,0.05
10329,56,12,0.05
10330,26,50,0.15
10330,72,25,0.15
10331,54,15,0
10332,18,40,0.2
10332,42,10,0.2
10332,47,16,0.2
10333,14,10,0
10333,21,10,0.1
10333,71,40,0.1
10334,52,8,0
10334,68,10,0
10335,2,7,0.2
10335,31,25,0.2
10335,32,6,0.2
10335,51,48,0.2
10336,4,18,0.1
10337,23,40,0
10337,26,24,0
10337,36,20,0
10337,37,28,0
10337,72,25,0
10338,17,20,0
10338,30,15,0
10339,4,10,0
10339,17,70,0.05
10339,62,28,0
10340,18,20,0.05
10340,41,12,0.05
10340,43,40,0.05
10341,33,8,0
10341,59,9,0.15
10342,2,24,0.2
10342,31,56,0.2
10342,36,40,0.2
10342,55,40,0.2
10343,64,50,0
10343,68,4,0.05
10343,76,15,0
10344,4,35,0
10344,8,70,0.25
10345,8,70,0
10345,19,80,0
10345,42,9,0
10346,17,36,0.1
10346,56,20,0
10347,25,10,0
10347,39,50,0.15
10347,40,4,0
10347,75,6,0.15
10348,1,15,0.15
10348,23,25,0
10349,54,24,0
10350,50,15,0.1
10350,69,18,0.1
10351,38,20,0.05
10351,41,13,0
10351,44,77,0.05
10351,65,10,0.05
10352,24,10,0
10352,54,20,0.15
10353,11,12,0.2
10353,38,50,0.2
10354,1,12,0
10354,29,4,0
10355,24,25,0
10355,57,25,0
10356,31,30,0
10356,55,12,0
10356,69,20,0
10357,10,30,0.2
10357,26,16,0
10357,60,8,0.2
10358,24,10,0.05
10358,34,10,0.05
10358,36,20,0.05
10359,16,56,0.05
10359,31,70,0.05
10359,60,80,0.05
10360,28,30,0
10360,29,35,0
10360,38,10,0
10360,49,35,0
10360,54,28,0
10361,39,54,0.1
10361,60,55,0.1
10362,25,50,0
10362,51,20,0
10362,54,24,0
10363,31,20,0
10363,75,12,0
10363,76,12,0
10364,69,30,0
10364,71,5,0
10365,11,24,0
10366,65,5,0
10366,77,5,0
10367,34,36,0
10367,54,18,0
10367,65,15,0
10367,77,7,0
10368,21,5,0.1
10368,28,13,0.1
10368,57,25,0
10368,64,35,0.1
10369,29,20,0
10369,56,18,0.25
10370,1,15,0.15
10370,64,30,0
10370,74,20,0.15
10371,36,6,0.2
10372,20,12,0.25
10372,38,40,0.25
10372,60,70,0.25
10372,72,42,0.25
10373,58,80,0.2
10373,71,50,0.2
10374,31,30,0
10374,58,15,0
10375,14,15,0
10375,54,10,0
10376,31,42,0.05
10377,28,20,0.15
10377,39,20,0.15
10378,71,6,0
10379,41,8,0.1
10379,63,16,0.1
10379,65,20,0.1
10380,30,18,0.1
10380,53,20,0.1
10380,60,6,0.1
10380,70,30,0
10381,74,14,0
10382,5,32,0
10382,18,9,0
10382,29,14,0
10382,33,60,0
10382,74,50,0
10383,13,20,0
10383,50,15,0
10383,56,20,0
10384,20,28,0
10384,60,15,0
10385,7,10,0.2
10385,60,20,0.2
10385,68,8,0.2
10386,24,15,0
10386,34,10,0
10387,24,15,0
10387,28,6,0
10387,59,12,0
10387,71,15,0
10388,45,15,0.2
10388,52,20,0.2
10388,53,40,0
10389,10,16,0
10389,55,15,0
10389,62,20,0
10389,70,30,0
10390,31,60,0.1
10390,35,40,0.1
10390,46,45,0
10390,72,24,0.1
10391,13,18,0
10392,69,50,0
10393,2,25,0.25
10393,14,42,0.25
10393,25,7,0.25
10393,26,70,0.25
10393,31,32,0
10394,13,10,0
10394,62,10,0
10395,46,28,0.1
10395,53,70,0.1
10395,69,8,0
10396,23,40,0
10396,71,60,0
10396,72,21,0
10397,21,10,0.15
10397,51,18,0.15
10398,35,30,0
10398,55,120,0.1
10399,68,60,0
10399,71,30,0
10399,76,35,0
10399,77,14,0
10400,29,21,0
10400,35,35,0
10400,49,30,0
10401,30,18,0
10401,56,70,0
10401,65,20,0
10401,71,60,0
10402,23,60,0
10402,63,65,0
10403,16,21,0.15
10403,48,70,0.15
10404,26,30,0.05
10404,42,40,0.05
10404,49,30,0.05
10405,3,50,0
10406,1,10,0
10406,21,30,0.1
10406,28,42,0.1
10406,36,5,0.1
10406,40,2,0.1
10407,11,30,0
10407,69,15,0
10407,71,15,0
10408,37,10,0
10408,54,6,0
10408,62,35,0
10409,14,12,0
10409,21,12,0
10410,33,49,0
10410,59,16,0
10411,41,25,0.2
10411,44,40,0.2
10411,59,9,0.2
10412,14,20,0.1
10413,1,24,0
10413,62,40,0
10413,76,14,0
10414,19,18,0.05
10414,33,50,0
10415,17,2,0
10415,33,20,0
10416,19,20,0
10416,53,10,0
10416,57,20,0
10417,38,50,0
10417,46,2,0.25
10417,68,36,0.25
10417,77,35,0
10418,2,60,0
10418,47,55,0
10418,61,16,0
10418,74,15,0
10419,60,60,0.05
10419,69,20,0.05
10420,9,20,0.1
10420,13,2,0.1
10420,70,8,0.1
10420,73,20,0.1
10421,19,4,0.15
10421,26,30,0
10421,53,15,0.15
10421,77,10,0.15
10422,26,2,0
10423,31,14,0
10423,59,20,0
10424,35,60,0.2
10424,38,49,0.2
10424,68,30,0.2
10425,55,10,0.25
10425,76,20,0.25
10426,56,5,0
10426,64,7,0
10427,14,35,0
10428,46,20,0
10429,50,40,0
10429,63,35,0.25
10430,17,45,0.2
10430,21,50,0
10430,56,30,0
10430,59,70,0.2
10431,17,50,0.25
10431,40,50,0.25
10431,47,30,0.25
10432,26,10,0
10432,54,40,0
10433,56,28,0
10434,11,6,0
10434,76,18,0.15
10435,2,10,0
10435,22,12,0
10435,72,10,0
10436,46,5,0
10436,56,40,0.1
10436,64,30,0.1
10436,75,24,0.1
10437,53,15,0
10438,19,15,0.2
10438,34,20,0.2
10438,57,15,0.2
10439,12,15,0
10439,16,16,0
10439,64,6,0
10439,74,30,0
10440,2,45,0.15
10440,16,49,0.15
10440,29,24,0.15
10440,61,90,0.15
10441,27,50,0
10442,11,30,0
10442,54,80,0
10442,66,60,0
10443,11,6,0.2
10443,28,12,0
10444,17,10,0
10444,26,15,0
10444,35,8,0
10444,41,30,0
10445,39,6,0
10445,54,15,0
10446,19,12,0.1
10446,24,20,0.1
10446,31,3,0.1
10446,52,15,0.1
10447,19,40,0
10447,65,35,0
10447,71,2,0
10448,26,6,0
10448,40,20,0
10449,10,14,0
10449,52,20,0
10449,62,35,0
10450,10,20,0.2
10450,54,6,0.2
10451,55,120,0.1
10451,64,35,0.1
10451,65,28,0.1
10451,77,55,0.1
10452,28,15,0
10452,44,100,0.05
10453,48,15,0.1
10453,70,25,0.1
10454,16,20,0.2
10454,33,20,0.2
10454,46,10,0.2
10455,39,20,0
10455,53,50,0
10455,61,25,0
10455,71,30,0
10456,21,40,0.15
10456,49,21,0.15
10457,59,36,0
10458,26,30,0
10458,28,30,0
10458,43,20,0
10458,56,15,0
10458,71,50,0
10459,7,16,0.05
10459,46,20,0.05
10459,72,40,0
10460,68,21,0.25
10460,75,4,0.25
10461,21,40,0.25
10461,30,28,0.25
10461,55,60,0.25
10462,13,1,0
10462,23,21,0
10463,19,21,0
10463,42,50,0
10464,4,16,0.2
10464,43,3,0
10464,56,30,0.2
10464,60,20,0
10465,24,25,0
10465,29,18,0.1
10465,40,20,0
10465,45,30,0.1
10465,50,25,0
10466,11,10,0
10466,46,5,0
10467,24,28,0
10467,25,12,0
10468,30,8,0
10468,43,15,0
10469,2,40,0.15
10469,16,35,0.15
10469,44,2,0.15
10470,18,30,0
10470,23,15,0
10470,64,8,0
10471,7,30,0
10471,56,20,0
10472,24,80,0.05
10472,51,18,0
10473,33,12,0
10473,71,12,0
10474,14,12,0
10474,28,18,0
10474,40,21,0
10474,75,10,0
10475,31,35,0.15
10475,66,60,0.15
10475,76,42,0.15
10476,55,2,0.05
10476,70,12,0
10477,1,15,0
10477,21,21,0.25
10477,39,20,0.25
10478,10,20,0.05
10479,38,30,0
10479,53,28,0
10479,59,60,0
10479,64,30,0
10480,47,30,0
10480,59,12,0
10481,49,24,0
10481,60,40,0
10482,40,10,0
10483,34,35,0.05
10483,77,30,0.05
10484,21,14,0
10484,40,10,0
10484,51,3,0
10485,2,20,0.1
10485,3,20,0.1
10485,55,30,0.1
10485,70,60,0.1
10486,11,5,0
10486,51,25,0
10486,74,16,0
10487,19,5,0
10487,26,30,0
10487,54,24,0.25
10488,59,30,0
10488,73,20,0.2
10489,11,15,0.25
10489,16,18,0
10490,59,60,0
10490,68,30,0
10490,75,36,0
10491,44,15,0.15
10491,77,7,0.15
10492,25,60,0.05
10492,42,20,0.05
10493,65,15,0.1
10493,66,10,0.1
10493,69,10,0.1
10494,56,30,0
10495,23,10,0
10495,41,20,0
10495,77,5,0
10496,31,20,0.05
10497,56,14,0
10497,72,25,0
10497,77,25,0
10498,24,14,0
10498,40,5,0
10498,42,30,0
10499,28,20,0
10499,49,25,0
10500,15,12,0.05
10500,28,8,0.05
10501,54,20,0
10502,45,21,0
10502,53,6,0
10502,67,30,0
10503,14,70,0
10503,65,20,0
10504,2,12,0
10504,21,12,0
10504,53,10,0
10504,61,25,0
10505,62,3,0
10506,25,18,0.1
10506,70,14,0.1
10507,43,15,0.15
10507,48,15,0.15
10508,13,10,0
10508,39,10,0
10509,28,3,0
10510,29,36,0
10510,75,36,0.1
10511,4,50,0.15
10511,7,50,0.15
10511,8,10,0.15
10512,24,10,0.15
10512,46,9,0.15
10512,47,6,0.15
10512,60,12,0.15
10513,21,40,0.2
10513,32,50,0.2
10513,61,15,0.2
10514,20,39,0
10514,28,35,0
10514,56,70,0
10514,65,39,0
10514,75,50,0
10515,9,16,0.15
10515,16,50,0
10515,27,120,0
10515,33,16,0.15
10515,60,84,0.15
10516,18,25,0.1
10516,41,80,0.1
10516,42,20,0
10517,52,6,0
10517,59,4,0
10517,70,6,0
10518,24,5,0
10518,38,15,0
10518,44,9,0
10519,10,16,0.05
10519,56,40,0
10519,60,10,0.05
10520,24,8,0
10520,53,5,0
10521,35,3,0
10521,41,10,0
10521,68,6,0
10522,1,40,0.2
10522,8,24,0
10522,30,20,0.2
10522,40,25,0.2
10523,17,25,0.1
10523,20,15,0.1
10523,37,18,0.1
10523,41,6,0.1
10524,10,2,0
10524,30,10,0
10524,43,60,0
10524,54,15,0
10525,36,30,0
10525,40,15,0.1
10526,1,8,0.15
10526,13,10,0
10526,56,30,0.15
10527,4,50,0.1
10527,36,30,0.1
10528,11,3,0
10528,33,8,0.2
10528,72,9,0
10529,55,14,0
10529,68,20,0
10529,69,10,0
10530,17,40,0
10530,43,25,0
10530,61,20,0
10530,76,50,0
10531,59,2,0
10532,30,15,0
10532,66,24,0
10533,4,50,0.05
10533,72,24,0
10533,73,24,0.05
10534,30,10,0
10534,40,10,0.2
10534,54,10,0.2
10535,11,50,0.1
10535,40,10,0.1
10535,57,5,0.1
10535,59,15,0.1
10536,12,15,0.25
10536,31,20,0
10536,33,30,0
10536,60,35,0.25
10537,31,30,0
10537,51,6,0
10537,58,20,0
10537,72,21,0
10537,73,9,0
10538,70,7,0
10538,72,1,0
10539,13,8,0
10539,21,15,0
10539,33,15,0
10539,49,6,0
10540,3,60,0
10540,26,40,0
10540,38,30,0
10540,68,35,0
10541,24,35,0.1
10541,38,4,0.1
10541,65,36,0.1
10541,71,9,0.1
10542,11,15,0.05
10542,54,24,0.05
10543,12,30,0.15
10543,23,70,0.15
10544,28,7,0
10544,67,7,0
10545,11,10,0
10546,7,10,0
10546,35,30,0
10546,62,40,0
10547,32,24,0.15
10547,36,60,0
10548,34,10,0.25
10548,41,14,0
10549,31,55,0.15
10549,45,100,0.15
10549,51,48,0.15
10550,17,8,0.1
10550,19,10,0
10550,21,6,0.1
10550,61,10,0.1
10551,16,40,0.15
10551,35,20,0.15
10551,44,40,0
10552,69,18,0
10552,75,30,0
10553,11,15,0
10553,16,14,0
10553,22,24,0
10553,31,30,0
10553,35,6,0
10554,16,30,0.05
10554,23,20,0.05
10554,62,20,0.05
10554,77,10,0.05
10555,14,30,0.2
10555,19,35,0.2
10555,24,18,0.2
10555,51,20,0.2
10555,56,40,0.2
10556,72,24,0
10557,64,30,0
10557,75,20,0
10558,47,25,0
10558,51,20,0
10558,52,30,0
10558,53,18,0
10558,73,3,0
10559,41,12,0.05
10559,55,18,0.05
10560,30,20,0
10560,62,15,0.25
10561,44,10,0
10561,51,50,0
10562,33,20,0.1
10562,62,10,0.1
10563,36,25,0
10563,52,70,0
10564,17,16,0.05
10564,31,6,0.05
10564,55,25,0.05
10565,24,25,0.1
10565,64,18,0.1
10566,11,35,0.15
10566,18,18,0.15
10566,76,10,0
10567,31,60,0.2
10567,51,3,0
10567,59,40,0.2
10568,10,5,0
10569,31,35,0.2
10569,76,30,0
10570,11,15,0.05
10570,56,60,0.05
10571,14,11,0.15
10571,42,28,0.15
10572,16,12,0.1
10572,32,10,0.1
10572,40,50,0
10572,75,15,0.1
10573,17,18,0
10573,34,40,0
10573,53,25,0
10574,33,14,0
10574,40,2,0
10574,62,10,0
10574,64,6,0
10575,59,12,0
10575,63,6,0
10575,72,30,0
10575,76,10,0
10576,1,10,0
10576,31,20,0
10576,44,21,0
10577,39,10,0
10577,75,20,0
10577,77,18,0
10578,35,20,0
10578,57,6,0
10579,15,10,0
10579,75,21,0
10580,14,15,0.05
10580,41,9,0.05
10580,65,30,0.05
10581,75,50,0.2
10582,57,4,0
10582,76,14,0
10583,29,10,0
10583,60,24,0.15
10583,69,10,0.15
10584,31,50,0.05
10585,47,15,0
10586,52,4,0.15
10587,26,6,0
10587,35,20,0
10587,77,20,0
10588,18,40,0.2
10588,42,100,0.2
10589,35,4,0
10590,1,20,0
10590,77,60,0.05
10591,3,14,0
10591,7,10,0
10591,54,50,0
10592,15,25,0.05
10592,26,5,0.05
10593,20,21,0.2
10593,69,20,0.2
10593,76,4,0.2
10594,52,24,0
10594,58,30,0
10595,35,30,0.25
10595,61,120,0.25
10595,69,65,0.25
10596,56,5,0.2
10596,63,24,0.2
10596,75,30,0.2
10597,24,35,0.2
10597,57,20,0
10597,65,12,0.2
10598,27,50,0
10598,71,9,0
10599,62,10,0
10600,54,4,0
10600,73,30,0
10601,13,60,0
10601,59,35,0
10602,77,5,0.25
10603,22,48,0
10603,49,25,0.05
10604,48,6,0.1
10604,76,10,0.1
10605,16,30,0.05
10605,59,20,0.05
10605,60,70,0.05
10605,71,15,0.05
10606,4,20,0.2
10606,55,20,0.2
10606,62,10,0.2
10607,7,45,0
10607,17,100,0
10607,33,14,0
10607,40,42,0
10607,72,12,0
10608,56,28,0
10609,1,3,0
10609,10,10,0
10609,21,6,0
10610,36,21,0.25
10611,1,6,0
10611,2,10,0
10611,60,15,0
10612,10,70,0
10612,36,55,0
10612,49,18,0
10612,60,40,0
10612,76,80,0
10613,13,8,0.1
10613,75,40,0
10614,11,14,0
10614,21,8,0
10614,39,5,0
10615,55,5,0
10616,38,15,0.05
10616,56,14,0
10616,70,15,0.05
10616,71,15,0.05
10617,59,30,0.15
10618,6,70,0
10618,56,20,0
10618,68,15,0
10619,21,42,0
10619,22,40,0
10620,24,5,0
10620,52,5,0
10621,19,5,0
10621,23,10,0
10621,70,20,0
10621,71,15,0
10622,2,20,0
10622,68,18,0.2
10623,14,21,0
10623,19,15,0.1
10623,21,25,0.1
10623,24,3,0
10623,35,30,0.1
10624,28,10,0
10624,29,6,0
10624,44,10,0
10625,14,3,0
10625,42,5,0
10625,60,10,0
10626,53,12,0
10626,60,20,0
10626,71,20,0
10627,62,15,0
10627,73,35,0.15
10628,1,25,0
10629,29,20,0
10629,64,9,0
10630,55,12,0.05
10630,76,35,0
10631,75,8,0.1
10632,2,30,0.05
10632,33,20,0.05
10633,12,36,0.15
10633,13,13,0.15
10633,26,35,0.15
10633,62,80,0.15
10634,7,35,0
10634,18,50,0
10634,51,15,0
10634,75,2,0
10635,4,10,0.1
10635,5,15,0.1
10635,22,40,0
10636,4,25,0
10636,58,6,0
10637,11,10,0
10637,50,25,0.05
10637,56,60,0.05
10638,45,20,0
10638,65,21,0
10638,72,60,0
10639,18,8,0
10640,69,20,0.25
10640,70,15,0.25
10641,2,50,0
10641,40,60,0
10642,21,30,0.2
10642,61,20,0.2
10643,28,15,0.25
10643,39,21,0.25
10643,46,2,0.25
10644,18,4,0.1
10644,43,20,0
10644,46,21,0.1
10645,18,20,0
10645,36,15,0
10646,1,15,0.25
10646,10,18,0.25
10646,71,30,0.25
10646,77,35,0.25
10647,19,30,0
10647,39,20,0
10648,22,15,0
10648,24,15,0.15
10649,28,20,0
10649,72,15,0
10650,30,30,0
10650,53,25,0.05
10650,54,30,0
10651,19,12,0.25
10651,22,20,0.25
10652,30,2,0.25
10652,42,20,0
10653,16,30,0.1
10653,60,20,0.1
10654,4,12,0.1
10654,39,20,0.1
10654,54,6,0.1
10655,41,20,0.2
10656,14,3,0.1
10656,44,28,0.1
10656,47,6,0.1
10657,15,50,0
10657,41,24,0
10657,46,45,0
10657,47,10,0
10657,56,45,0
10657,60,30,0
10658,21,60,0
10658,40,70,0.05
10658,60,55,0.05
10658,77,70,0.05
10659,31,20,0.05
10659,40,24,0.05
10659,70,40,0.05
10660,20,21,0
10661,39,3,0.2
10661,58,49,0.2
10662,68,10,0
10663,40,30,0.05
10663,42,30,0.05
10663,51,20,0.05
10664,10,24,0.15
10664,56,12,0.15
10664,65,15,0.15
10665,51,20,0
10665,59,1,0
10665,76,10,0
10666,29,36,0
10666,65,10,0
10667,69,45,0.2
10667,71,14,0.2
10668,31,8,0.1
10668,55,4,0.1
10668,64,15,0.1
10669,36,30,0
10670,23,32,0
10670,46,60,0
10670,67,25,0
10670,73,50,0
10670,75,25,0
10671,16,10,0
10671,62,10,0
10671,65,12,0
10672,38,15,0.1
10672,71,12,0
10673,16,3,0
10673,42,6,0
10673,43,6,0
10674,23,5,0
10675,14,30,0
10675,53,10,0
10675,58,30,0
10676,10,2,0
10676,19,7,0
10676,44,21,0
10677,26,30,0.15
10677,33,8,0.15
10678,12,100,0
10678,33,30,0
10678,41,120,0
10678,54,30,0
10679,59,12,0
10680,16,50,0.25
10680,31,20,0.25
10680,42,40,0.25
10681,19,30,0.1
10681,21,12,0.1
10681,64,28,0
10682,33,30,0
10682,66,4,0
10682,75,30,0
10683,52,9,0
10684,40,20,0
10684,47,40,0
10684,60,30,0
10685,10,20,0
10685,41,4,0
10685,47,15,0
10686,17,30,0.2
10686,26,15,0
10687,9,50,0.25
10687,29,10,0
10687,36,6,0.25
10688,10,18,0.1
10688,28,60,0.1
10688,34,14,0
10689,1,35,0.25
10690,56,20,0.25
10690,77,30,0.25
10691,1,30,0
10691,29,40,0
10691,43,40,0
10691,44,24,0
10691,62,48,0
10692,63,20,0
10693,9,6,0
10693,54,60,0.15
10693,69,30,0.15
10693,73,15,0.15
10694,7,90,0
10694,59,25,0
10694,70,50,0
10695,8,10,0
10695,12,4,0
10695,24,20,0
10696,17,20,0
10696,46,18,0
10697,19,7,0.25
10697,35,9,0.25
10697,58,30,0.25
10697,70,30,0.25
10698,11,15,0
10698,17,8,0.05
10698,29,12,0.05
10698,65,65,0.05
10698,70,8,0.05
10699,47,12,0
10700,1,5,0.2
10700,34,12,0.2
10700,68,40,0.2
10700,71,60,0.2
10701,59,42,0.15
10701,71,20,0.15
10701,76,35,0.15
10702,3,6,0
10702,76,15,0
10703,2,5,0
10703,59,35,0
10703,73,35,0
10704,4,6,0
10704,24,35,0
10704,48,24,0
10705,31,20,0
10705,32,4,0
10706,16,20,0
10706,43,24,0
10706,59,8,0
10707,55,21,0
10707,57,40,0
10707,70,28,0.15
10708,5,4,0
10708,36,5,0
10709,8,40,0
10709,51,28,0
10709,60,10,0
10710,19,5,0
10710,47,5,0
10711,19,12,0
10711,41,42,0
10711,53,120,0
10712,53,3,0.05
10712,56,30,0
10713,10,18,0
10713,26,30,0
10713,45,110,0
10713,46,24,0
10714,2,30,0.25
10714,17,27,0.25
10714,47,50,0.25
10714,56,18,0.25
10714,58,12,0.25
10715,10,21,0
10715,71,30,0
10716,21,5,0
10716,51,7,0
10716,61,10,0
10717,21,32,0.05
10717,54,15,0
10717,69,25,0.05
10718,12,36,0
10718,16,20,0
10718,36,40,0
10718,62,20,0
10719,18,12,0.25
10719,30,3,0.25
10719,54,40,0.25
10720,35,21,0
10720,71,8,0
10721,44,50,0.05
10722,2,3,0
10722,31,50,0
10722,68,45,0
10722,75,42,0
10723,26,15,0
10724,10,16,0
10724,61,5,0
10725,41,12,0
10725,52,4,0
10725,55,6,0
10726,4,25,0
10726,11,5,0
10727,17,20,0.05
10727,56,10,0.05
10727,59,10,0.05
10728,30,15,0
10728,40,6,0
10728,55,12,0
10728,60,15,0
10729,1,50,0
10729,21,30,0
10729,50,40,0
10730,16,15,0.05
10730,31,3,0.05
10730,65,10,0.05
10731,21,40,0.05
10731,51,30,0.05
10732,76,20,0
10733,14,16,0
10733,28,20,0
10733,52,25,0
10734,6,30,0
10734,30,15,0
10734,76,20,0
10735,61,20,0.1
10735,77,2,0.1
10736,65,40,0
10736,75,20,0
10737,13,4,0
10737,41,12,0
10738,16,3,0
10739,36,6,0
10739,52,18,0
10740,28,5,0.2
10740,35,35,0.2
10740,45,40,0.2
10740,56,14,0.2
10741,2,15,0.2
10742,3,20,0
10742,60,50,0
10742,72,35,0
10743,46,28,0.05
10744,40,50,0.2
10745,18,24,0
10745,44,16,0
10745,59,45,0
10745,72,7,0
10746,13,6,0
10746,42,28,0
10746,62,9,0
10746,69,40,0
10747,31,8,0
10747,41,35,0
10747,63,9,0
10747,69,30,0
10748,23,44,0
10748,40,40,0
10748,56,28,0
10749,56,15,0
10749,59,6,0
10749,76,10,0
10750,14,5,0.15
10750,45,40,0.15
10750,59,25,0.15
10751,26,12,0.1
10751,30,30,0
10751,50,20,0.1
10751,73,15,0
10752,1,8,0
10752,69,3,0
10753,45,4,0
10753,74,5,0
10754,40,3,0
10755,47,30,0.25
10755,56,30,0.25
10755,57,14,0.25
10755,69,25,0.25
10756,18,21,0.2
10756,36,20,0.2
10756,68,6,0.2
10756,69,20,0.2
10757,34,30,0
10757,59,7,0
10757,62,30,0
10757,64,24,0
10758,26,20,0
10758,52,60,0
10758,70,40,0
10759,32,10,0
10760,25,12,0.25
10760,27,40,0
10760,43,30,0.25
10761,25,35,0.25
10761,75,18,0
10762,39,16,0
10762,47,30,0
10762,51,28,0
10762,56,60,0
10763,21,40,0
10763,22,6,0
10763,24,20,0
10764,3,20,0.1
10764,39,130,0.1
10765,65,80,0.1
10766,2,40,0
10766,7,35,0
10766,68,40,0
10767,42,2,0
10768,22,4,0
10768,31,50,0
10768,60,15,0
10768,71,12,0
10769,41,30,0.05
10769,52,15,0.05
10769,61,20,0
10769,62,15,0
10770,11,15,0.25
10771,71,16,0
10772,29,18,0
10772,59,25,0
10773,17,33,0
10773,31,70,0.2
10773,75,7,0.2
10774,31,2,0.25
10774,66,50,0
10775,10,6,0
10775,67,3,0
10776,31,16,0.05
10776,42,12,0.05
10776,45,27,0.05
10776,51,120,0.05
10777,42,20,0.2
10778,41,10,0
10779,16,20,0
10779,62,20,0
10780,70,35,0
10780,77,15,0
10781,54,3,0.2
10781,56,20,0.2
10781,74,35,0
10782,31,1,0
10783,31,10,0
10783,38,5,0
10784,36,30,0
10784,39,2,0.15
10784,72,30,0.15
10785,10,10,0
10785,75,10,0
10786,8,30,0.2
10786,30,15,0.2
10786,75,42,0.2
10787,2,15,0.05
10787,29,20,0.05
10788,19,50,0.05
10788,75,40,0.05
10789,18,30,0
10789,35,15,0
10789,63,30,0
10789,68,18,0
10790,7,3,0.15
10790,56,20,0.15
10791,29,14,0.05
10791,41,20,0.05
10792,2,10,0
10792,54,3,0
10792,68,15,0
10793,41,14,0
10793,52,8,0
10794,14,15,0.2
10794,54,6,0.2
10795,16,65,0
10795,17,35,0.25
10796,26,21,0.2
10796,44,10,0
10796,64,35,0.2
10796,69,24,0.2
10797,11,20,0
10798,62,2,0
10798,72,10,0
10799,13,20,0.15
10799,24,20,0.15
10799,59,25,0
10800,11,50,0.1
10800,51,10,0.1
10800,54,7,0.1
10801,17,40,0.25
10801,29,20,0.25
10802,30,25,0.25
10802,51,30,0.25
10802,55,60,0.25
10802,62,5,0.25
10803,19,24,0.05
10803,25,15,0.05
10803,59,15,0.05
10804,10,36,0
10804,28,24,0
10804,49,4,0.15
10805,34,10,0
10805,38,10,0
10806,2,20,0.25
10806,65,2,0
10806,74,15,0.25
10807,40,1,0
10808,56,20,0.15
10808,76,50,0.15
10809,52,20,0
10810,13,7,0
10810,25,5,0
10810,70,5,0
10811,19,15,0
10811,23,18,0
10811,40,30,0
10812,31,16,0.1
10812,72,40,0.1
10812,77,20,0
10813,2,12,0.2
10813,46,35,0
10814,41,20,0
10814,43,20,0.15
10814,48,8,0.15
10814,61,30,0.15
10815,33,16,0
10816,38,30,0.05
10816,62,20,0.05
10817,26,40,0.15
10817,38,30,0
10817,40,60,0.15
10817,62,25,0.15
10818,32,20,0
10818,41,20,0
10819,43,7,0
10819,75,20,0
10820,56,30,0
10821,35,20,0
10821,51,6,0
10822,62,3,0
10822,70,6,0
10823,11,20,0.1
10823,57,15,0
10823,59,40,0.1
10823,77,15,0.1
10824,41,12,0
10824,70,9,0
10825,26,12,0
10825,53,20,0
10826,31,35,0
10826,57,15,0
10827,10,15,0
10827,39,21,0
10828,20,5,0
10828,38,2,0
10829,2,10,0
10829,8,20,0
10829,13,10,0
10829,60,21,0
10830,6,6,0
10830,39,28,0
10830,60,30,0
10830,68,24,0
10831,19,2,0
10831,35,8,0
10831,38,8,0
10831,43,9,0
10832,13,3,0.2
10832,25,10,0.2
10832,44,16,0.2
10832,64,3,0
10833,7,20,0.1
10833,31,9,0.1
10833,53,9,0.1
10834,29,8,0.05
10834,30,20,0.05
10835,59,15,0
10835,77,2,0.2
10836,22,52,0
10836,35,6,0
10836,57,24,0
10836,60,60,0
10836,64,30,0
10837,13,6,0
10837,40,25,0
10837,47,40,0.25
10837,76,21,0.25
10838,1,4,0.25
10838,18,25,0.25
10838,36,50,0.25
10839,58,30,0.1
10839,72,15,0.1
10840,25,6,0.2
10840,39,10,0.2
10841,10,16,0
10841,56,30,0
10841,59,50,0
10841,77,15,0
10842,11,15,0
10842,43,5,0
10842,68,20,0
10842,70,12,0
10843,51,4,0.25
10844,22,35,0
10845,23,70,0.1
10845,35,25,0.1
10845,42,42,0.1
10845,58,60,0.1
10845,64,48,0
10846,4,21,0
10846,70,30,0
10846,74,20,0
10847,1,80,0.2
10847,19,12,0.2
10847,37,60,0.2
10847,45,36,0.2
10847,60,45,0.2
10847,71,55,0.2
10848,5,30,0
10848,9,3,0
10849,3,49,0
10849,26,18,0.15
10850,25,20,0.15
10850,33,4,0.15
10850,70,30,0.15
10851,2,5,0.05
10851,25,10,0.05
10851,57,10,0.05
10851,59,42,0.05
10852,2,15,0
10852,17,6,0
10852,62,50,0
10853,18,10,0
10854,10,100,0.15
10854,13,65,0.15
10855,16,50,0
10855,31,14,0
10855,56,24,0
10855,65,15,0.15
10856,2,20,0
10856,42,20,0
10857,3,30,0
10857,26,35,0.25
10857,29,10,0.25
10858,7,5,0
10858,27,10,0
10858,70,4,0
10859,24,40,0.25
10859,54,35,0.25
10859,64,30,0.25
10860,51,3,0
10860,76,20,0
10861,17,42,0
10861,18,20,0
10861,21,40,0
10861,33,35,0
10861,62,3,0
10862,11,25,0
10862,52,8,0
10863,1,20,0.15
10863,58,12,0.15
10864,35,4,0
10864,67,15,0
10865,38,60,0.05
10865,39,80,0.05
10866,2,21,0.25
10866,24,6,0.25
10866,30,40,0.25
10867,53,3,0
10868,26,20,0
10868,35,30,0
10868,49,42,0.1
10869,1,40,0
10869,11,10,0
10869,23,50,0
10869,68,20,0
10870,35,3,0
10870,51,2,0
10871,6,50,0.05
10871,16,12,0.05
10871,17,16,0.05
10872,55,10,0.05
10872,62,20,0.05
10872,64,15,0.05
10872,65,21,0.05
10873,21,20,0
10873,28,3,0
10874,10,10,0
10875,19,25,0
10875,47,21,0.1
10875,49,15,0
10876,46,21,0
10876,64,20,0
10877,16,30,0.25
10877,18,25,0
10878,20,20,0.05
10879,40,12,0
10879,65,10,0
10879,76,10,0
10880,23,30,0.2
10880,61,30,0.2
10880,70,50,0.2
10881,73,10,0
10882,42,25,0
10882,49,20,0.15
10882,54,32,0.15
10883,24,8,0
10884,21,40,0.05
10884,56,21,0.05
10884,65,12,0.05
10885,2,20,0
10885,24,12,0
10885,70,30,0
10885,77,25,0
10886,10,70,0
10886,31,35,0
10886,77,40,0
10887,25,5,0
10888,2,20,0
10888,68,18,0
10889,11,40,0
10889,38,40,0
10890,17,15,0
10890,34,10,0
10890,41,14,0
10891,30,15,0.05
10892,59,40,0.05
10893,8,30,0
10893,24,10,0
10893,29,24,0
10893,30,35,0
10893,36,20,0
10894,13,28,0.05
10894,69,50,0.05
10894,75,120,0.05
10895,24,110,0
10895,39,45,0
10895,40,91,0
10895,60,100,0
10896,45,15,0
10896,56,16,0
10897,29,80,0
10897,30,36,0
10898,13,5,0
10899,39,8,0.15
10900,70,3,0.25
10901,41,30,0
10901,71,30,0
10902,55,30,0.15
10902,62,6,0.15
10903,13,40,0
10903,65,21,0
10903,68,20,0
10904,58,15,0
10904,62,35,0
10905,1,20,0.05
10906,61,15,0
10907,75,14,0
10908,7,20,0.05
10908,52,14,0.05
10909,7,12,0
10909,16,15,0
10909,41,5,0
10910,19,12,0
10910,49,10,0
10910,61,5,0
10911,1,10,0
10911,17,12,0
10911,67,15,0
10912,11,40,0.25
10912,29,60,0.25
10913,4,30,0.25
10913,33,40,0.25
10913,58,15,0
10914,71,25,0
10915,17,10,0
10915,33,30,0
10915,54,10,0
10916,16,6,0
10916,32,6,0
10916,57,20,0
10917,30,1,0
10917,60,10,0
10918,1,60,0.25
10918,60,25,0.25
10919,16,24,0
10919,25,24,0
10919,40,20,0
10920,50,24,0
10921,35,10,0
10921,63,40,0
10922,17,15,0
10922,24,35,0
10923,42,10,0.2
10923,43,10,0.2
10923,67,24,0.2
10924,10,20,0.1
10924,28,30,0.1
10924,75,6,0
10925,36,25,0.15
10925,52,12,0.15
10926,11,2,0
10926,13,10,0
10926,19,7,0
10926,72,10,0
10927,20,5,0
10927,52,5,0
10927,76,20,0
10928,47,5,0
10928,76,5,0
10929,21,60,0
10929,75,49,0
10929,77,15,0
10930,21,36,0
10930,27,25,0
10930,55,25,0.2
10930,58,30,0.2
10931,13,42,0.15
10931,57,30,0
10932,16,30,0.1
10932,62,14,0.1
10932,72,16,0
10932,75,20,0.1
10933,53,2,0
10933,61,30,0
10934,6,20,0
10935,1,21,0
10935,18,4,0.25
10935,23,8,0.25
10936,36,30,0.2
10937,28,8,0
10937,34,20,0
10938,13,20,0.25
10938,43,24,0.25
10938,60,49,0.25
10938,71,35,0.25
10939,2,10,0.15
10939,67,40,0.15
10940,7,8,0
10940,13,20,0
10941,31,44,0.25
10941,62,30,0.25
10941,68,80,0.25
10941,72,50,0
10942,49,28,0
10943,13,15,0
10943,22,21,0
10943,46,15,0
10944,11,5,0.25
10944,44,18,0.25
10944,56,18,0
10945,13,20,0
10945,31,10,0
10946,10,25,0
10946,24,25,0
10946,77,40,0
10947,59,4,0
10948,50,9,0
10948,51,40,0
10948,55,4,0
10949,6,12,0
10949,10,30,0
10949,17,6,0
10949,62,60,0
10950,4,5,0
10951,33,15,0.05
10951,41,6,0.05
10951,75,50,0.05
10952,6,16,0.05
10952,28,2,0
10953,20,50,0.05
10953,31,50,0.05
10954,16,28,0.15
10954,31,25,0.15
10954,45,30,0
10954,60,24,0.15
10955,75,12,0.2
10956,21,12,0
10956,47,14,0
10956,51,8,0
10957,30,30,0
10957,35,40,0
10957,64,8,0
10958,5,20,0
10958,7,6,0
10958,72,5,0
10959,75,20,0.15
10960,24,10,0.25
10960,41,24,0
10961,52,6,0.05
10961,76,60,0
10962,7,45,0
10962,13,77,0
10962,53,20,0
10962,69,9,0
10962,76,44,0
10963,60,2,0.15
10964,18,6,0
10964,38,5,0
10964,69,10,0
10965,51,16,0
10966,37,8,0
10966,56,12,0.15
10966,62,12,0.15
10967,19,12,0
10967,49,40,0
10968,12,30,0
10968,24,30,0
10968,64,4,0
10969,46,9,0
10970,52,40,0.2
10971,29,14,0
10972,17,6,0
10972,33,7,0
10973,26,5,0
10973,41,6,0
10973,75,10,0
10974,63,10,0
10975,8,16,0
10975,75,10,0
10976,28,20,0
10977,39,30,0
10977,47,30,0
10977,51,10,0
10977,63,20,0
10978,8,20,0.15
10978,21,40,0.15
10978,40,10,0
10978,44,6,0.15
10979,7,18,0
10979,12,20,0
10979,24,80,0
10979,27,30,0
10979,31,24,0
10979,63,35,0
10980,75,40,0.2
10981,38,60,0
10982,7,20,0
10982,43,9,0
10983,13,84,0.15
10983,57,15,0
10984,16,55,0
10984,24,20,0
10984,36,40,0
10985,16,36,0.1
10985,18,8,0.1
10985,32,35,0.1
10986,11,30,0
10986,20,15,0
10986,76,10,0
10986,77,15,0
10987,7,60,0
10987,43,6,0
10987,72,20,0
10988,7,60,0
10988,62,40,0.1
10989,6,40,0
10989,11,15,0
10989,41,4,0
10990,21,65,0
10990,34,60,0.15
10990,55,65,0.15
10990,61,66,0.15
10991,2,50,0.2
10991,70,20,0.2
10991,76,90,0.2
10992,72,2,0
10993,29,50,0.25
10993,41,35,0.25
10994,59,18,0.05
10995,51,20,0
10995,60,4,0
10996,42,40,0
10997,32,50,0
10997,46,20,0.25
10997,52,20,0.25
10998,24,12,0
10998,61,7,0
10998,74,20,0
10998,75,30,0
10999,41,20,0.05
10999,51,15,0.05
10999,77,21,0.05
11000,4,25,0.25
11000,24,30,0.25
11000,77,30,0
11001,7,60,0
11001,22,25,0
11001,46,25,0
11001,55,6,0
11002,13,56,0
11002,35,15,0.15
11002,42,24,0.15
11002,55,40,0
11003,1,4,0
11003,40,10,0
11003,52,10,0
11004,26,6,0
11004,76,6,0
11005,1,2,0
11005,59,10,0
11006,1,8,0
11006,29,2,0.25
11007,8,30,0
11007,29,10,0
11007,42,14,0
11008,28,70,0.05
11008,34,90,0.05
11008,71,21,0
11009,24,12,0
11009,36,18,0.25
11009,60,9,0
11010,7,20,0
11010,24,10,0
11011,58,40,0.05
11011,71,20,0
11012,19,50,0.05
11012,60,36,0.05
11012,71,60,0.05
11013,23,10,0
11013,42,4,0
11013,45,20,0
11013,68,2,0
11014,41,28,0.1
11015,30,15,0
11015,77,18,0
11016,31,15,0
11016,36,16,0
11017,3,25,0
11017,59,110,0
11017,70,30,0
11018,12,20,0
11018,18,10,0
11018,56,5,0
11019,46,3,0
11019,49,2,0
11020,10,24,0.15
11021,2,11,0.25
11021,20,15,0
11021,26,63,0
11021,51,44,0.25
11021,72,35,0
11022,19,35,0
11022,69,30,0
11023,7,4,0
11023,43,30,0
11024,26,12,0
11024,33,30,0
11024,65,21,0
11024,71,50,0
11025,1,10,0.1
11025,13,20,0.1
11026,18,8,0
11026,51,10,0
11027,24,30,0.25
11027,62,21,0.25
11028,55,35,0
11028,59,24,0
11029,56,20,0
11029,63,12,0
11030,2,100,0.25
11030,5,70,0
11030,29,60,0.25
11030,59,100,0.25
11031,1,45,0
11031,13,80,0
11031,24,21,0
11031,64,20,0
11031,71,16,0
11032,36,35,0
11032,38,25,0
11032,59,30,0
11033,53,70,0.1
11033,69,36,0.1
11034,21,15,0.1
11034,44,12,0
11034,61,6,0
11035,1,10,0
11035,35,60,0
11035,42,30,0
11035,54,10,0
11036,13,7,0
11036,59,30,0
11037,70,4,0
11038,40,5,0.2
11038,52,2,0
11038,71,30,0
11039,28,20,0
11039,35,24,0
11039,49,60,0
11039,57,28,0
11040,21,20,0
11041,2,30,0.2
11041,63,30,0
11042,44,15,0
11042,61,4,0
11043,11,10,0
11044,62,12,0
11045,33,15,0
11045,51,24,0
11046,12,20,0.05
11046,32,15,0.05
11046,35,18,0.05
11047,1,25,0.25
11047,5,30,0.25
11048,68,42,0
11049,2,10,0.2
11049,12,4,0.2
11050,76,50,0.1
11051,24,10,0.2
11052,43,30,0.2
11052,61,10,0.2
11053,18,35,0.2
11053,32,20,0
11053,64,25,0.2
11054,33,10,0
11054,67,20,0
11055,24,15,0
11055,25,15,0
11055,51,20,0
11055,57,20,0
11056,7,40,0
11056,55,35,0
11056,60,50,0
11057,70,3,0
11058,21,3,0
11058,60,21,0
11058,61,4,0
11059,13,30,0
11059,17,12,0
11059,60,35,0
11060,60,4,0
11060,77,10,0
11061,60,15,0
11062,53,10,0.2
11062,70,12,0.2
11063,34,30,0
11063,40,40,0.1
11063,41,30,0.1
11064,17,77,0.1
11064,41,12,0
11064,53,25,0.1
11064,55,4,0.1
11064,68,55,0
11065,30,4,0.25
11065,54,20,0.25
11066,16,3,0
11066,19,42,0
11066,34,35,0
11067,41,9,0
11068,28,8,0.15
11068,43,36,0.15
11068,77,28,0.15
11069,39,20,0
11070,1,40,0.15
11070,2,20,0.15
11070,16,30,0.15
11070,31,20,0
11071,7,15,0.05
11071,13,10,0.05
11072,2,8,0
11072,41,40,0
11072,50,22,0
11072,64,130,0
11073,11,10,0
11073,24,20,0
11074,16,14,0.05
11075,2,10,0.15
11075,46,30,0.15
11075,76,2,0.15
11076,6,20,0.25
11076,14,20,0.25
11076,19,10,0.25
11077,2,24,0.2
11077,3,4,0
11077,4,1,0
11077,6,1,0.02
11077,7,1,0.05
11077,8,2,0.1
11077,10,1,0
11077,12,2,0.05
11077,13,4,0
11077,14,1,0.03
11077,16,2,0.03
11077,20,1,0.04
11077,23,2,0
11077,32,1,0
11077,39,2,0.05
11077,41,3,0
11077,46,3,0.02
11077,52,2,0
11077,55,2,0
11077,60,2,0.06
11077,64,2,0.03
11077,66,1,0
11077,73,2,0.01
11077,75,4,0
11077,77,2,0
